    DispTime     Amplitude    Vac. Size     Vac. Num      Far Avg    Total Avg    Omega
5.049505e-01 2.000000e-01 2.000000e+00 1.000000e+00 8.427026e-04 2.199564e-03 2.000000e+00 
5.049505e-01 2.000000e-01 2.000000e+00 1.000000e+00 8.394173e-04 4.843505e-03 3.500000e+00 
5.074257e-01 2.000000e-01 2.000000e+00 1.000000e+00 9.691038e-04 2.074681e-03 5.000000e+00 
4.826733e-01 2.000000e-01 2.000000e+00 1.000000e+00 6.531592e-04 1.534817e-03 6.500000e+00 
5.074257e-01 2.000000e-01 2.000000e+00 1.000000e+00 8.940270e-04 3.554891e-03 8.000000e+00 
5.049505e-01 2.000000e-01 2.000000e+00 1.000000e+00 8.398382e-04 2.454522e-03 9.500000e+00 
5.074257e-01 2.000000e-01 2.000000e+00 1.000000e+00 8.897131e-04 9.910750e-04 1.100000e+01 
4.801980e-01 2.000000e-01 2.000000e+00 1.000000e+00 1.176753e-03 1.329637e-03 1.250000e+01 
5.074257e-01 2.000000e-01 2.000000e+00 1.000000e+00 8.735163e-04 3.944899e-04 1.400000e+01 
5.049505e-01 2.000000e-01 2.000000e+00 1.000000e+00 9.088825e-04 3.183610e-03 1.550000e+01 
5.074257e-01 2.000000e-01 2.000000e+00 2.000000e+00 8.288193e-04 3.837784e-03 1.700000e+01 
4.900990e-01 2.000000e-01 2.000000e+00 2.000000e+00 1.395116e-03 1.511134e-03 1.850000e+01 
5.099010e-01 2.000000e-01 2.000000e+00 2.000000e+00 9.583232e-04 1.864817e-03 2.000000e+01 
5.049505e-01 2.000000e-01 2.000000e+00 2.000000e+00 7.489820e-04 4.605508e-03 2.150000e+01 
5.049505e-01 2.000000e-01 2.000000e+00 2.000000e+00 8.074374e-04 1.588921e-03 2.300000e+01 
5.000000e-01 2.000000e-01 2.000000e+00 2.000000e+00 1.117514e-03 1.108854e-03 2.450000e+01 
5.123762e-01 2.000000e-01 2.000000e+00 2.000000e+00 1.320580e-03 4.132071e-04 2.600000e+01 
5.049505e-01 2.000000e-01 2.000000e+00 2.000000e+00 7.477519e-04 1.744132e-04 2.750000e+01 
5.049505e-01 2.000000e-01 2.000000e+00 2.000000e+00 8.060115e-04 3.450212e-03 2.900000e+01 
5.123762e-01 2.000000e-01 2.000000e+00 2.000000e+00 1.156006e-03 1.123179e-03 3.050000e+01 
5.000000e-01 2.000000e-01 2.000000e+00 3.000000e+00 8.645481e-04 1.868233e-03 3.200000e+01 
5.049505e-01 2.000000e-01 2.000000e+00 3.000000e+00 6.464687e-04 3.900944e-03 3.350000e+01 
5.049505e-01 2.000000e-01 2.000000e+00 3.000000e+00 6.513832e-04 4.370189e-03 3.500000e+01 
5.099010e-01 2.000000e-01 2.000000e+00 3.000000e+00 9.188300e-04 7.107029e-04 3.650000e+01 
4.851485e-01 2.000000e-01 2.000000e+00 3.000000e+00 9.433992e-04 3.292568e-03 3.800000e+01 
5.074257e-01 2.000000e-01 2.000000e+00 3.000000e+00 7.240419e-04 2.560783e-03 3.950000e+01 
5.049505e-01 2.000000e-01 2.000000e+00 3.000000e+00 7.431172e-04 5.148480e-04 4.100000e+01 
5.074257e-01 2.000000e-01 2.000000e+00 3.000000e+00 7.677843e-04 2.508822e-03 4.250000e+01 
4.801980e-01 2.000000e-01 2.000000e+00 3.000000e+00 1.088967e-03 5.774140e-03 4.400000e+01 
5.074257e-01 2.000000e-01 2.000000e+00 3.000000e+00 7.597223e-04 1.526599e-03 4.550000e+01 
5.049505e-01 2.000000e-01 2.000000e+00 4.000000e+00 6.309736e-04 4.825484e-03 4.700000e+01 
5.074257e-01 2.000000e-01 2.000000e+00 4.000000e+00 7.304162e-04 3.123054e-03 4.850000e+01 
4.826733e-01 2.000000e-01 2.000000e+00 4.000000e+00 6.040761e-04 4.489969e-03 5.000000e+01 
5.074257e-01 2.000000e-01 2.000000e+00 4.000000e+00 7.261910e-04 2.375424e-03 5.150000e+01 
5.049505e-01 2.000000e-01 2.000000e+00 4.000000e+00 6.932318e-04 2.865977e-03 5.300000e+01 
5.049505e-01 2.000000e-01 2.000000e+00 4.000000e+00 5.701016e-04 9.908780e-04 5.450000e+01 
4.975248e-01 2.000000e-01 2.000000e+00 4.000000e+00 5.834106e-04 2.594055e-03 5.600000e+01 
5.099010e-01 2.000000e-01 2.000000e+00 4.000000e+00 8.253104e-04 4.840972e-04 5.750000e+01 
5.049505e-01 2.000000e-01 2.000000e+00 4.000000e+00 5.938934e-04 2.580964e-03 5.900000e+01 
5.049505e-01 2.000000e-01 2.000000e+00 4.000000e+00 6.228383e-04 4.521373e-03 6.050000e+01 
5.074257e-01 2.000000e-01 2.000000e+00 5.000000e+00 9.501020e-04 1.415232e-03 6.200000e+01 
5.000000e-01 2.000000e-01 2.000000e+00 5.000000e+00 6.314504e-04 1.528792e-03 6.350000e+01 
5.049505e-01 2.000000e-01 2.000000e+00 5.000000e+00 5.930721e-04 4.263152e-03 6.500000e+01 
5.049505e-01 2.000000e-01 2.000000e+00 5.000000e+00 5.828893e-04 2.214040e-03 6.650000e+01 
5.099010e-01 2.000000e-01 2.000000e+00 5.000000e+00 7.825321e-04 5.382661e-04 6.800000e+01 
5.000000e-01 2.000000e-01 2.000000e+00 5.000000e+00 1.688577e-03 2.778526e-03 6.950000e+01 
5.074257e-01 2.000000e-01 2.000000e+00 5.000000e+00 5.563269e-04 5.169705e-04 7.100000e+01 
5.049505e-01 2.000000e-01 2.000000e+00 5.000000e+00 5.524954e-04 3.322275e-03 7.250000e+01 
5.074257e-01 2.000000e-01 2.000000e+00 5.000000e+00 7.228636e-04 2.889012e-03 7.400000e+01 
4.801980e-01 2.000000e-01 2.000000e+00 5.000000e+00 7.145792e-04 6.082261e-03 7.550000e+01 
5.074257e-01 2.000000e-01 2.000000e+00 6.000000e+00 6.164897e-04 3.025817e-03 7.700000e+01 
5.049505e-01 2.000000e-01 2.000000e+00 6.000000e+00 5.543520e-04 4.708908e-03 7.850000e+01 
5.074257e-01 2.000000e-01 2.000000e+00 6.000000e+00 6.130796e-04 1.268966e-03 8.000000e+01 
4.801980e-01 2.000000e-01 2.000000e+00 6.000000e+00 4.448865e-04 1.010596e-02 8.150000e+01 
5.074257e-01 2.000000e-01 2.000000e+00 6.000000e+00 7.661220e-04 1.914439e-03 8.300000e+01 
5.049505e-01 2.000000e-01 2.000000e+00 6.000000e+00 6.023265e-04 4.871818e-05 8.450000e+01 
5.049505e-01 2.000000e-01 2.000000e+00 6.000000e+00 5.616457e-04 3.075475e-03 8.600000e+01 
4.975248e-01 2.000000e-01 2.000000e+00 6.000000e+00 9.153669e-04 1.206603e-03 8.750000e+01 
5.099010e-01 2.000000e-01 2.000000e+00 6.000000e+00 7.212130e-04 8.274760e-04 8.900000e+01 
5.049505e-01 2.000000e-01 2.000000e+00 6.000000e+00 5.615574e-04 4.460817e-03 9.050000e+01 
5.049505e-01 2.000000e-01 2.000000e+00 7.000000e+00 4.835412e-04 3.954571e-03 9.200000e+01 
5.049505e-01 2.000000e-01 2.000000e+00 7.000000e+00 1.104449e-03 1.469069e-03 9.350000e+01 
5.123762e-01 2.000000e-01 2.000000e+00 7.000000e+00 8.894035e-04 1.508870e-03 9.500000e+01 
5.049505e-01 2.000000e-01 2.000000e+00 7.000000e+00 5.693597e-04 2.970027e-03 9.650000e+01 
5.049505e-01 2.000000e-01 2.000000e+00 7.000000e+00 5.085170e-04 6.950969e-04 9.800000e+01 
5.099010e-01 2.000000e-01 2.000000e+00 7.000000e+00 5.559918e-04 8.504439e-04 9.950000e+01 
4.975248e-01 2.000000e-01 2.000000e+00 7.000000e+00 7.268974e-04 2.296326e-03 1.010000e+02 
5.049505e-01 2.000000e-01 2.000000e+00 7.000000e+00 4.515856e-04 1.963827e-03 1.025000e+02 
5.049505e-01 2.000000e-01 2.000000e+00 7.000000e+00 5.614279e-04 4.870185e-03 1.040000e+02 
5.074257e-01 2.000000e-01 2.000000e+00 7.000000e+00 6.453102e-04 2.260422e-03 1.055000e+02 
4.851485e-01 2.000000e-01 2.000000e+00 8.000000e+00 4.766917e-04 6.413358e-03 1.070000e+02 
5.074257e-01 2.000000e-01 2.000000e+00 8.000000e+00 5.170168e-04 3.575656e-03 1.085000e+02 
5.049505e-01 2.000000e-01 2.000000e+00 8.000000e+00 4.308036e-04 2.804466e-03 1.100000e+02 
5.074257e-01 2.000000e-01 2.000000e+00 8.000000e+00 5.064434e-04 8.533522e-04 1.115000e+02 
4.801980e-01 2.000000e-01 2.000000e+00 8.000000e+00 6.881138e-04 2.705787e-03 1.130000e+02 
5.074257e-01 2.000000e-01 2.000000e+00 8.000000e+00 4.862668e-04 5.616248e-04 1.145000e+02 
5.049505e-01 2.000000e-01 2.000000e+00 8.000000e+00 5.288976e-04 2.923356e-03 1.160000e+02 
5.049505e-01 2.000000e-01 2.000000e+00 8.000000e+00 4.855822e-04 3.967512e-03 1.175000e+02 
5.000000e-01 2.000000e-01 2.000000e+00 8.000000e+00 1.083377e-03 4.129783e-03 1.190000e+02 
5.074257e-01 2.000000e-01 2.000000e+00 8.000000e+00 5.409036e-04 1.721566e-03 1.205000e+02 
5.049505e-01 2.000000e-01 2.000000e+00 9.000000e+00 3.752419e-04 4.745955e-03 1.220000e+02 
5.049505e-01 2.000000e-01 2.000000e+00 9.000000e+00 3.999693e-04 1.913418e-03 1.235000e+02 
5.000000e-01 2.000000e-01 2.000000e+00 9.000000e+00 5.401015e-04 1.924139e-03 1.250000e+02 
5.123762e-01 2.000000e-01 2.000000e+00 9.000000e+00 6.279153e-04 1.203912e-03 1.265000e+02 
5.049505e-01 2.000000e-01 2.000000e+00 9.000000e+00 3.726211e-04 4.681108e-04 1.280000e+02 
5.049505e-01 2.000000e-01 2.000000e+00 9.000000e+00 4.743932e-04 3.300550e-03 1.295000e+02 
5.123762e-01 2.000000e-01 2.000000e+00 9.000000e+00 6.421203e-04 1.078239e-03 1.310000e+02 
4.975248e-01 2.000000e-01 2.000000e+00 9.000000e+00 4.249862e-04 1.770646e-03 1.325000e+02 
5.049505e-01 2.000000e-01 2.000000e+00 9.000000e+00 3.561419e-04 3.810705e-03 1.340000e+02 
5.049505e-01 2.000000e-01 2.000000e+00 9.000000e+00 4.794916e-04 4.551303e-03 1.355000e+02 
5.099010e-01 2.000000e-01 2.000000e+00 1.000000e+01 4.397969e-04 9.271237e-04 1.370000e+02 
5.000000e-01 2.000000e-01 2.000000e+00 1.000000e+01 1.789185e-03 4.550448e-03 1.385000e+02 
5.049505e-01 2.000000e-01 2.000000e+00 1.000000e+01 3.924041e-04 2.752385e-03 1.400000e+02 
5.074257e-01 2.000000e-01 2.000000e+00 1.000000e+01 4.221279e-04 1.524825e-04 1.415000e+02 
5.074257e-01 2.000000e-01 2.000000e+00 1.000000e+01 5.341577e-04 2.455191e-03 1.430000e+02 
4.801980e-01 2.000000e-01 2.000000e+00 1.000000e+01 6.063631e-04 4.263936e-03 1.445000e+02 
5.074257e-01 2.000000e-01 2.000000e+00 1.000000e+01 3.673980e-04 1.315150e-03 1.460000e+02 
5.049505e-01 2.000000e-01 2.000000e+00 1.000000e+01 4.051281e-04 4.796300e-03 1.475000e+02 
5.074257e-01 2.000000e-01 2.000000e+00 1.000000e+01 4.123632e-04 3.309577e-03 1.490000e+02 
5.000000e-01 2.000000e-01 2.000000e+00 1.000000e+01 1.638355e-03 5.036494e-03 1.505000e+02 
5.074257e-01 2.000000e-01 3.000000e+00 1.000000e+00 6.930452e-04 2.173591e-03 2.000000e+00 
5.049505e-01 2.000000e-01 3.000000e+00 1.000000e+00 5.772670e-04 4.855782e-03 3.500000e+00 
5.074257e-01 2.000000e-01 3.000000e+00 1.000000e+00 6.084646e-04 2.045105e-03 5.000000e+00 
4.851485e-01 2.000000e-01 3.000000e+00 1.000000e+00 9.325578e-04 1.719504e-03 6.500000e+00 
5.074257e-01 2.000000e-01 3.000000e+00 1.000000e+00 6.453234e-04 3.518802e-03 8.000000e+00 
5.049505e-01 2.000000e-01 3.000000e+00 1.000000e+00 5.803869e-04 2.478209e-03 9.500000e+00 
5.074257e-01 2.000000e-01 3.000000e+00 1.000000e+00 6.380207e-04 1.014533e-03 1.100000e+01 
4.826733e-01 2.000000e-01 3.000000e+00 1.000000e+00 6.262430e-04 1.522166e-03 1.250000e+01 
5.074257e-01 2.000000e-01 3.000000e+00 1.000000e+00 6.131379e-04 3.562513e-04 1.400000e+01 
5.049505e-01 2.000000e-01 3.000000e+00 1.000000e+00 5.878630e-04 3.150658e-03 1.550000e+01 
5.074257e-01 2.000000e-01 3.000000e+00 2.000000e+00 5.949381e-04 3.877598e-03 1.700000e+01 
5.000000e-01 2.000000e-01 3.000000e+00 2.000000e+00 1.714283e-03 1.747122e-03 1.850000e+01 
5.099010e-01 2.000000e-01 3.000000e+00 2.000000e+00 6.880434e-04 1.900839e-03 2.000000e+01 
5.049505e-01 2.000000e-01 3.000000e+00 2.000000e+00 4.996273e-04 4.585387e-03 2.150000e+01 
5.049505e-01 2.000000e-01 3.000000e+00 2.000000e+00 4.965616e-04 1.619323e-03 2.300000e+01 
5.000000e-01 2.000000e-01 3.000000e+00 2.000000e+00 6.092623e-04 1.241453e-03 2.450000e+01 
5.123762e-01 2.000000e-01 3.000000e+00 2.000000e+00 8.194911e-04 2.085993e-04 2.600000e+01 
5.049505e-01 2.000000e-01 3.000000e+00 2.000000e+00 4.911093e-04 1.483779e-04 2.750000e+01 
5.049505e-01 2.000000e-01 3.000000e+00 2.000000e+00 5.024510e-04 3.447160e-03 2.900000e+01 
5.123762e-01 2.000000e-01 3.000000e+00 2.000000e+00 9.047488e-04 1.149519e-03 3.050000e+01 
5.000000e-01 2.000000e-01 3.000000e+00 3.000000e+00 6.055897e-04 1.656063e-03 3.200000e+01 
5.049505e-01 2.000000e-01 3.000000e+00 3.000000e+00 4.688221e-04 3.946761e-03 3.350000e+01 
5.049505e-01 2.000000e-01 3.000000e+00 3.000000e+00 4.622650e-04 4.361136e-03 3.500000e+01 
5.099010e-01 2.000000e-01 3.000000e+00 3.000000e+00 5.983540e-04 7.364998e-04 3.650000e+01 
5.000000e-01 2.000000e-01 3.000000e+00 3.000000e+00 1.611506e-03 2.463955e-03 3.800000e+01 
5.074257e-01 2.000000e-01 3.000000e+00 3.000000e+00 4.947531e-04 2.571455e-03 3.950000e+01 
5.049505e-01 2.000000e-01 3.000000e+00 3.000000e+00 5.044562e-04 5.351100e-04 4.100000e+01 
5.074257e-01 2.000000e-01 3.000000e+00 3.000000e+00 5.625474e-04 2.485311e-03 4.250000e+01 
4.826733e-01 2.000000e-01 3.000000e+00 3.000000e+00 4.798909e-04 4.173204e-03 4.400000e+01 
5.074257e-01 2.000000e-01 3.000000e+00 3.000000e+00 5.166060e-04 1.498304e-03 4.550000e+01 
5.049505e-01 2.000000e-01 3.000000e+00 4.000000e+00 4.082962e-04 4.865375e-03 4.700000e+01 
5.074257e-01 2.000000e-01 3.000000e+00 4.000000e+00 4.802829e-04 3.140286e-03 4.850000e+01 
4.975248e-01 2.000000e-01 3.000000e+00 4.000000e+00 2.017154e-03 5.068977e-03 5.000000e+01 
5.074257e-01 2.000000e-01 3.000000e+00 4.000000e+00 4.367028e-04 2.393343e-03 5.150000e+01 
5.049505e-01 2.000000e-01 3.000000e+00 4.000000e+00 4.265498e-04 2.891206e-03 5.300000e+01 
5.049505e-01 2.000000e-01 3.000000e+00 4.000000e+00 4.421076e-04 9.856684e-04 5.450000e+01 
5.000000e-01 2.000000e-01 3.000000e+00 4.000000e+00 6.540139e-04 1.525739e-03 5.600000e+01 
5.099010e-01 2.000000e-01 3.000000e+00 4.000000e+00 5.648840e-04 4.962435e-04 5.750000e+01 
5.049505e-01 2.000000e-01 3.000000e+00 4.000000e+00 4.550760e-04 2.608639e-03 5.900000e+01 
5.074257e-01 2.000000e-01 3.000000e+00 4.000000e+00 5.018449e-04 4.561029e-03 6.050000e+01 
5.123762e-01 2.000000e-01 3.000000e+00 5.000000e+00 5.718084e-04 1.420667e-03 6.200000e+01 
5.074257e-01 2.000000e-01 3.000000e+00 5.000000e+00 7.801378e-04 1.399059e-03 6.350000e+01 
5.049505e-01 2.000000e-01 3.000000e+00 5.000000e+00 4.001770e-04 4.294585e-03 6.500000e+01 
5.049505e-01 2.000000e-01 3.000000e+00 5.000000e+00 3.802952e-04 2.265287e-03 6.650000e+01 
5.099010e-01 2.000000e-01 3.000000e+00 5.000000e+00 4.407827e-04 5.260573e-04 6.800000e+01 
5.000000e-01 2.000000e-01 3.000000e+00 5.000000e+00 8.993552e-04 2.831468e-03 6.950000e+01 
5.049505e-01 2.000000e-01 3.000000e+00 5.000000e+00 3.479404e-04 4.875482e-04 7.100000e+01 
5.049505e-01 2.000000e-01 3.000000e+00 5.000000e+00 3.465935e-04 3.359573e-03 7.250000e+01 
5.074257e-01 2.000000e-01 3.000000e+00 5.000000e+00 4.784130e-04 2.917776e-03 7.400000e+01 
4.826733e-01 2.000000e-01 3.000000e+00 5.000000e+00 3.655035e-04 9.645562e-03 7.550000e+01 
5.074257e-01 2.000000e-01 3.000000e+00 6.000000e+00 4.696888e-04 3.063304e-03 7.700000e+01 
5.049505e-01 2.000000e-01 3.000000e+00 6.000000e+00 3.343008e-04 4.741052e-03 7.850000e+01 
5.074257e-01 2.000000e-01 3.000000e+00 6.000000e+00 4.159154e-04 1.308034e-03 8.000000e+01 
4.851485e-01 2.000000e-01 3.000000e+00 6.000000e+00 5.939112e-04 8.786552e-03 8.150000e+01 
5.074257e-01 2.000000e-01 3.000000e+00 6.000000e+00 3.210398e-04 1.942403e-03 8.300000e+01 
5.049505e-01 2.000000e-01 3.000000e+00 6.000000e+00 3.601402e-04 2.267882e-05 8.450000e+01 
5.049505e-01 2.000000e-01 3.000000e+00 6.000000e+00 3.269973e-04 3.124303e-03 8.600000e+01 
5.000000e-01 2.000000e-01 3.000000e+00 6.000000e+00 5.713093e-04 1.102036e-03 8.750000e+01 
5.099010e-01 2.000000e-01 3.000000e+00 6.000000e+00 3.965457e-04 8.228060e-04 8.900000e+01 
5.049505e-01 2.000000e-01 3.000000e+00 6.000000e+00 4.133284e-04 4.519067e-03 9.050000e+01 
5.074257e-01 2.000000e-01 3.000000e+00 7.000000e+00 5.120239e-04 3.993510e-03 9.200000e+01 
5.123762e-01 2.000000e-01 3.000000e+00 7.000000e+00 5.036065e-04 1.629355e-03 9.350000e+01 
5.148515e-01 2.000000e-01 3.000000e+00 7.000000e+00 7.557462e-04 8.520053e-04 9.500000e+01 
5.074257e-01 2.000000e-01 3.000000e+00 7.000000e+00 3.432769e-04 3.003399e-03 9.650000e+01 
5.074257e-01 2.000000e-01 3.000000e+00 7.000000e+00 4.157819e-04 6.875855e-04 9.800000e+01 
5.099010e-01 2.000000e-01 3.000000e+00 7.000000e+00 4.301335e-04 8.948224e-04 9.950000e+01 
5.000000e-01 2.000000e-01 3.000000e+00 7.000000e+00 4.304036e-04 2.496442e-03 1.010000e+02 
5.049505e-01 2.000000e-01 3.000000e+00 7.000000e+00 3.599337e-04 1.956054e-03 1.025000e+02 
5.074257e-01 2.000000e-01 3.000000e+00 7.000000e+00 4.567858e-04 4.921756e-03 1.040000e+02 
5.099010e-01 2.000000e-01 3.000000e+00 7.000000e+00 4.235547e-04 2.276143e-03 1.055000e+02 
5.000000e-01 2.000000e-01 3.000000e+00 8.000000e+00 8.850804e-04 6.267526e-03 1.070000e+02 
5.074257e-01 2.000000e-01 3.000000e+00 8.000000e+00 2.490142e-04 3.628430e-03 1.085000e+02 
5.049505e-01 2.000000e-01 3.000000e+00 8.000000e+00 3.465880e-04 2.834820e-03 1.100000e+02 
5.099010e-01 2.000000e-01 3.000000e+00 8.000000e+00 3.606513e-04 8.177066e-04 1.115000e+02 
4.851485e-01 2.000000e-01 3.000000e+00 8.000000e+00 3.428938e-04 2.593647e-03 1.130000e+02 
5.074257e-01 2.000000e-01 3.000000e+00 8.000000e+00 4.573335e-04 5.531207e-04 1.145000e+02 
5.074257e-01 2.000000e-01 3.000000e+00 8.000000e+00 3.397020e-04 2.970160e-03 1.160000e+02 
5.074257e-01 2.000000e-01 3.000000e+00 8.000000e+00 3.778476e-04 3.994250e-03 1.175000e+02 
5.000000e-01 2.000000e-01 3.000000e+00 8.000000e+00 7.185959e-04 1.659663e-03 1.190000e+02 
5.099010e-01 2.000000e-01 3.000000e+00 8.000000e+00 3.636976e-04 1.736034e-03 1.205000e+02 
5.049505e-01 2.000000e-01 3.000000e+00 9.000000e+00 3.337153e-04 4.797034e-03 1.220000e+02 
5.099010e-01 2.000000e-01 3.000000e+00 9.000000e+00 4.375834e-04 1.932026e-03 1.235000e+02 
5.074257e-01 2.000000e-01 3.000000e+00 9.000000e+00 5.867140e-04 1.425272e-03 1.250000e+02 
5.123762e-01 2.000000e-01 3.000000e+00 9.000000e+00 3.316720e-04 6.880028e-04 1.265000e+02 
5.222772e-01 2.000000e-01 3.000000e+00 9.000000e+00 5.460358e-04 4.616839e-04 1.280000e+02 
5.049505e-01 2.000000e-01 3.000000e+00 9.000000e+00 2.921301e-04 3.324637e-03 1.295000e+02 
5.123762e-01 2.000000e-01 3.000000e+00 9.000000e+00 5.088537e-04 1.098767e-03 1.310000e+02 
5.000000e-01 2.000000e-01 3.000000e+00 9.000000e+00 4.271572e-04 2.398345e-03 1.325000e+02 
5.049505e-01 2.000000e-01 3.000000e+00 9.000000e+00 2.539147e-04 3.869757e-03 1.340000e+02 
5.049505e-01 2.000000e-01 3.000000e+00 9.000000e+00 2.707046e-04 4.625259e-03 1.355000e+02 
5.099010e-01 2.000000e-01 3.000000e+00 1.000000e+01 2.333938e-04 9.266122e-04 1.370000e+02 
5.000000e-01 2.000000e-01 3.000000e+00 1.000000e+01 6.910818e-04 3.442376e-03 1.385000e+02 
5.222772e-01 2.000000e-01 3.000000e+00 1.000000e+01 5.279824e-04 2.774767e-03 1.400000e+02 
5.049505e-01 2.000000e-01 3.000000e+00 1.000000e+01 3.812279e-04 1.854218e-04 1.415000e+02 
5.074257e-01 2.000000e-01 3.000000e+00 1.000000e+01 2.905772e-04 2.497792e-03 1.430000e+02 
4.826733e-01 2.000000e-01 3.000000e+00 1.000000e+01 3.534306e-04 4.538549e-03 1.445000e+02 
5.099010e-01 2.000000e-01 3.000000e+00 1.000000e+01 2.302582e-04 1.328855e-03 1.460000e+02 
5.074257e-01 2.000000e-01 3.000000e+00 1.000000e+01 3.323509e-04 4.858912e-03 1.475000e+02 
5.148515e-01 2.000000e-01 3.000000e+00 1.000000e+01 4.081875e-04 3.376320e-03 1.490000e+02 
5.000000e-01 2.000000e-01 3.000000e+00 1.000000e+01 1.135112e-03 3.948541e-03 1.505000e+02 
5.049505e-01 2.000000e-01 4.000000e+00 1.000000e+00 7.906657e-04 2.207277e-03 2.000000e+00 
5.049505e-01 2.000000e-01 4.000000e+00 1.000000e+00 7.838705e-04 4.865966e-03 3.500000e+00 
5.074257e-01 2.000000e-01 4.000000e+00 1.000000e+00 8.191957e-04 2.100444e-03 5.000000e+00 
4.826733e-01 2.000000e-01 4.000000e+00 1.000000e+00 5.722736e-04 1.963342e-03 6.500000e+00 
5.074257e-01 2.000000e-01 4.000000e+00 1.000000e+00 8.310914e-04 3.574902e-03 8.000000e+00 
5.049505e-01 2.000000e-01 4.000000e+00 1.000000e+00 7.679828e-04 2.455641e-03 9.500000e+00 
5.074257e-01 2.000000e-01 4.000000e+00 1.000000e+00 8.366475e-04 1.000705e-03 1.100000e+01 
4.801980e-01 2.000000e-01 4.000000e+00 1.000000e+00 1.230134e-03 1.119116e-03 1.250000e+01 
5.074257e-01 2.000000e-01 4.000000e+00 1.000000e+00 8.119302e-04 4.041689e-04 1.400000e+01 
5.049505e-01 2.000000e-01 4.000000e+00 1.000000e+00 7.804621e-04 3.183727e-03 1.550000e+01 
5.074257e-01 2.000000e-01 4.000000e+00 2.000000e+00 7.979075e-04 3.894974e-03 1.700000e+01 
4.900990e-01 2.000000e-01 4.000000e+00 2.000000e+00 1.279839e-03 1.709840e-03 1.850000e+01 
5.099010e-01 2.000000e-01 4.000000e+00 2.000000e+00 7.862234e-04 1.878482e-03 2.000000e+01 
5.049505e-01 2.000000e-01 4.000000e+00 2.000000e+00 7.075535e-04 4.654428e-03 2.150000e+01 
5.049505e-01 2.000000e-01 4.000000e+00 2.000000e+00 6.472654e-04 1.604806e-03 2.300000e+01 
5.000000e-01 2.000000e-01 4.000000e+00 2.000000e+00 7.395005e-04 1.177026e-03 2.450000e+01 
5.123762e-01 2.000000e-01 4.000000e+00 2.000000e+00 9.941951e-04 2.359101e-04 2.600000e+01 
5.049505e-01 2.000000e-01 4.000000e+00 2.000000e+00 6.202499e-04 1.906044e-04 2.750000e+01 
5.049505e-01 2.000000e-01 4.000000e+00 2.000000e+00 6.484507e-04 3.477905e-03 2.900000e+01 
5.123762e-01 2.000000e-01 4.000000e+00 2.000000e+00 9.925371e-04 1.143492e-03 3.050000e+01 
4.975248e-01 2.000000e-01 4.000000e+00 3.000000e+00 5.525448e-04 1.739006e-03 3.200000e+01 
5.049505e-01 2.000000e-01 4.000000e+00 3.000000e+00 5.803213e-04 3.986960e-03 3.350000e+01 
5.049505e-01 2.000000e-01 4.000000e+00 3.000000e+00 6.800216e-04 4.438754e-03 3.500000e+01 
5.074257e-01 2.000000e-01 4.000000e+00 3.000000e+00 6.590350e-04 7.341984e-04 3.650000e+01 
4.851485e-01 2.000000e-01 4.000000e+00 3.000000e+00 7.873111e-04 2.885685e-03 3.800000e+01 
5.074257e-01 2.000000e-01 4.000000e+00 3.000000e+00 6.342944e-04 2.591530e-03 3.950000e+01 
5.049505e-01 2.000000e-01 4.000000e+00 3.000000e+00 6.951932e-04 5.115111e-04 4.100000e+01 
5.074257e-01 2.000000e-01 4.000000e+00 3.000000e+00 6.421693e-04 2.544262e-03 4.250000e+01 
4.801980e-01 2.000000e-01 4.000000e+00 3.000000e+00 8.898250e-04 4.599039e-03 4.400000e+01 
5.074257e-01 2.000000e-01 4.000000e+00 3.000000e+00 6.368207e-04 1.537018e-03 4.550000e+01 
5.049505e-01 2.000000e-01 4.000000e+00 4.000000e+00 4.992840e-04 4.972474e-03 4.700000e+01 
5.074257e-01 2.000000e-01 4.000000e+00 4.000000e+00 4.779052e-04 3.196545e-03 4.850000e+01 
4.900990e-01 2.000000e-01 4.000000e+00 4.000000e+00 1.005467e-03 5.740643e-03 5.000000e+01 
5.074257e-01 2.000000e-01 4.000000e+00 4.000000e+00 5.796340e-04 2.431212e-03 5.150000e+01 
5.049505e-01 2.000000e-01 4.000000e+00 4.000000e+00 5.351858e-04 2.927646e-03 5.300000e+01 
5.049505e-01 2.000000e-01 4.000000e+00 4.000000e+00 4.808441e-04 1.019229e-03 5.450000e+01 
4.975248e-01 2.000000e-01 4.000000e+00 4.000000e+00 4.915469e-04 1.633194e-03 5.600000e+01 
5.099010e-01 2.000000e-01 4.000000e+00 4.000000e+00 6.523963e-04 5.121522e-04 5.750000e+01 
5.049505e-01 2.000000e-01 4.000000e+00 4.000000e+00 5.086979e-04 2.636020e-03 5.900000e+01 
5.049505e-01 2.000000e-01 4.000000e+00 4.000000e+00 4.962628e-04 4.632739e-03 6.050000e+01 
5.123762e-01 2.000000e-01 4.000000e+00 5.000000e+00 7.675028e-04 1.448264e-03 6.200000e+01 
5.000000e-01 2.000000e-01 4.000000e+00 5.000000e+00 6.312415e-04 1.507060e-03 6.350000e+01 
5.049505e-01 2.000000e-01 4.000000e+00 5.000000e+00 4.776463e-04 4.390114e-03 6.500000e+01 
5.049505e-01 2.000000e-01 4.000000e+00 5.000000e+00 3.964615e-04 2.284953e-03 6.650000e+01 
5.099010e-01 2.000000e-01 4.000000e+00 5.000000e+00 6.224306e-04 5.613999e-04 6.800000e+01 
5.000000e-01 2.000000e-01 4.000000e+00 5.000000e+00 1.129790e-03 2.584604e-03 6.950000e+01 
5.049505e-01 2.000000e-01 4.000000e+00 5.000000e+00 3.518573e-04 5.370485e-04 7.100000e+01 
5.049505e-01 2.000000e-01 4.000000e+00 5.000000e+00 3.898349e-04 3.403896e-03 7.250000e+01 
5.074257e-01 2.000000e-01 4.000000e+00 5.000000e+00 5.744824e-04 2.983915e-03 7.400000e+01 
4.801980e-01 2.000000e-01 4.000000e+00 5.000000e+00 4.695064e-04 7.216173e-03 7.550000e+01 
5.074257e-01 2.000000e-01 4.000000e+00 6.000000e+00 4.934257e-04 3.128708e-03 7.700000e+01 
5.049505e-01 2.000000e-01 4.000000e+00 6.000000e+00 4.648504e-04 4.863151e-03 7.850000e+01 
5.049505e-01 2.000000e-01 4.000000e+00 6.000000e+00 3.163162e-04 1.289066e-03 8.000000e+01 
4.876238e-01 2.000000e-01 4.000000e+00 6.000000e+00 5.004708e-04 8.488596e-03 8.150000e+01 
5.074257e-01 2.000000e-01 4.000000e+00 6.000000e+00 4.801194e-04 2.011691e-03 8.300000e+01 
5.049505e-01 2.000000e-01 4.000000e+00 6.000000e+00 2.685632e-04 4.780481e-05 8.450000e+01 
5.049505e-01 2.000000e-01 4.000000e+00 6.000000e+00 3.308116e-04 3.179497e-03 8.600000e+01 
4.975248e-01 2.000000e-01 4.000000e+00 6.000000e+00 4.527051e-04 2.509111e-03 8.750000e+01 
5.099010e-01 2.000000e-01 4.000000e+00 6.000000e+00 3.502570e-04 8.330777e-04 8.900000e+01 
5.049505e-01 2.000000e-01 4.000000e+00 6.000000e+00 5.073730e-04 4.615559e-03 9.050000e+01 
